+----------------------------------------------------------------------------------------------------------------------------------------------------------------------------------------------------------------------------------------------------------+
; Legal Partition Candidates                                                                                                                                                                                                                               ;
+-----------------------------------------------------+-------+----------------+--------------+----------------+--------+-----------------+---------------+-----------------+-------+----------------+--------------+------------------+-------------------+
; Hierarchy                                           ; Input ; Constant Input ; Unused Input ; Floating Input ; Output ; Constant Output ; Unused Output ; Floating Output ; Bidir ; Constant Bidir ; Unused Bidir ; Input only Bidir ; Output only Bidir ;
+-----------------------------------------------------+-------+----------------+--------------+----------------+--------+-----------------+---------------+-----------------+-------+----------------+--------------+------------------+-------------------+
; parser_inst                                         ; 12    ; 0              ; 0            ; 0              ; 10     ; 0               ; 0             ; 0               ; 0     ; 0              ; 0            ; 0                ; 0                 ;
; uart_tx_inst                                        ; 11    ; 0              ; 0            ; 0              ; 2      ; 0               ; 0             ; 0               ; 0     ; 0              ; 0            ; 0                ; 0                 ;
; uart_rx_inst                                        ; 3     ; 0              ; 0            ; 0              ; 9      ; 0               ; 0             ; 0               ; 0     ; 0              ; 0            ; 0                ; 0                 ;
; imagegen                                            ; 28    ; 7              ; 1            ; 7              ; 30     ; 7               ; 7             ; 7               ; 0     ; 0              ; 0            ; 0                ; 0                 ;
; vgasync                                             ; 2     ; 0              ; 0            ; 0              ; 24     ; 0               ; 0             ; 0               ; 0     ; 0              ; 0            ; 0                ; 0                 ;
; i2c_init|setup_inst|setup_rom_inst                  ; 8     ; 12             ; 0            ; 12             ; 32     ; 12              ; 12            ; 12              ; 0     ; 0              ; 0            ; 0                ; 0                 ;
; i2c_init|setup_inst                                 ; 3     ; 3              ; 0            ; 3              ; 29     ; 3               ; 3             ; 3               ; 0     ; 0              ; 0            ; 0                ; 0                 ;
; i2c_init|i2c_inst                                   ; 32    ; 9              ; 0            ; 9              ; 10     ; 9               ; 9             ; 9               ; 0     ; 0              ; 0            ; 0                ; 0                 ;
; i2c_init|sda_buf|i2ciobuf_iobuf_bidir_amo_component ; 2     ; 0              ; 0            ; 0              ; 1      ; 0               ; 0             ; 0               ; 1     ; 0              ; 0            ; 0                ; 0                 ;
; i2c_init|sda_buf                                    ; 2     ; 0              ; 0            ; 0              ; 1      ; 0               ; 0             ; 0               ; 1     ; 0              ; 0            ; 0                ; 0                 ;
; i2c_init|scl_buf|i2ciobuf_iobuf_bidir_amo_component ; 2     ; 0              ; 0            ; 0              ; 1      ; 0               ; 0             ; 0               ; 1     ; 0              ; 0            ; 0                ; 0                 ;
; i2c_init|scl_buf                                    ; 2     ; 1              ; 0            ; 1              ; 1      ; 1               ; 1             ; 1               ; 1     ; 0              ; 0            ; 0                ; 0                 ;
; i2c_init                                            ; 2     ; 0              ; 0            ; 0              ; 2      ; 0               ; 0             ; 0               ; 1     ; 0              ; 0            ; 0                ; 0                 ;
; pll_inst|pll_25_inst                                ; 2     ; 0              ; 0            ; 0              ; 2      ; 0               ; 0             ; 0               ; 0     ; 0              ; 0            ; 0                ; 0                 ;
; pll_inst                                            ; 2     ; 1              ; 0            ; 1              ; 2      ; 1               ; 1             ; 1               ; 0     ; 0              ; 0            ; 0                ; 0                 ;
+-----------------------------------------------------+-------+----------------+--------------+----------------+--------+-----------------+---------------+-----------------+-------+----------------+--------------+------------------+-------------------+
